Time,Result,ExpectedResult,CitiesCount,TrucksCount,Iterations,Temperature,Coef
0.028922557830810547,499,500,10,2,1000,10,0.99
0.045877933502197266,564,500,11,5,1000,10,0.99
0.029920101165771484,746,500,12,2,1000,10,0.99
0.03690028190612793,841,500,13,3,1000,10,0.99
0.04587960243225098,876,500,14,4,1000,10,0.99
0.04587531089782715,909,500,15,4,1000,10,0.99
0.04089212417602539,1132,500,16,2,1000,10,0.99
0.03588366508483887,909,500,17,2,1000,10,0.99
0.05886197090148926,1017,500,18,5,1000,10,0.99
0.04089164733886719,1308,500,19,3,1000,10,0.99
0.039893388748168945,1127,500,20,2,1000,10,0.99
0.040889739990234375,1343,500,21,2,1000,10,0.99
0.06582355499267578,1242,500,22,5,1000,10,0.99
0.05585074424743652,1440,500,23,4,1000,10,0.99
0.06981158256530762,1258,500,24,5,1000,10,0.99
0.04488229751586914,1301,500,25,2,1000,10,0.99
0.04687356948852539,1498,500,26,2,1000,10,0.99
0.0718083381652832,1664,500,27,5,1000,10,0.99
0.049866676330566406,1553,500,28,2,1000,10,0.99
0.05086541175842285,1520,500,29,2,1000,10,0.99
0.05383586883544922,1753,500,30,2,1000,10,0.99
0.0987553596496582,1783,500,31,5,1000,10,0.99
0.06681966781616211,1619,500,32,3,1000,10,0.99
0.05585074424743652,1705,500,33,2,1000,10,0.99
0.07081079483032227,2217,500,34,3,1000,10,0.99
0.09873509407043457,2086,500,35,5,1000,10,0.99
0.07380247116088867,1867,500,36,3,1000,10,0.99
0.10272622108459473,2085,500,37,5,1000,10,0.99
0.09175443649291992,1839,500,38,4,1000,10,0.99
0.09374833106994629,2273,500,39,4,1000,10,0.99
0.10970497131347656,2448,500,40,5,1000,10,0.99
0.08477258682250977,2253,500,41,3,1000,10,0.99
0.10172677040100098,2431,500,42,4,1000,10,0.99
0.11768531799316406,2231,500,43,5,1000,10,0.99
0.1077113151550293,2302,500,44,4,1000,10,0.99
0.074798583984375,2473,500,45,2,1000,10,0.99
0.12265205383300781,2302,500,46,4,1000,10,0.99
0.08678865432739258,2357,500,47,2,1000,10,0.99
0.12664341926574707,2656,500,48,4,1000,10,0.99
0.12568378448486328,3098,500,49,4,1000,10,0.99
